Q1= QuickSort Deterministic  Q2= QucikSort Randomized
M= MergeSort
size        P_value                  Q1_comp                      CI1                     CI11                standard1                  Q2_comp                      CI2                     CI22                standard2                   M_comp                      CI3                     CI33                standard3                   Q1_CPU                      CI4                     CI44                standard4                   Q2_CPU                      CI5                     CI55                standard5                    M_CPU                      CI6                     CI66                standard6
10              0                       45                       45                       45                        0                       45                       45                       45                        0                       19                       19                       19                        0                     0.04                -0.036816                 0.116816                 0.195959                        0                        0                        0                        0                        0                        0                        0                 0.195959
20              0                    191.8                  191.094                  192.506                      1.8                    103.8                  103.094                  104.506                      1.8                    48.76                  48.4621                  49.0579                     0.76                   0.0416               -0.0426945                 0.125895                 0.215037                        0                        0                        0                        0                        0                        0                        0                 0.215037
50              0                  1232.67                  1229.66                  1235.68                  7.67669                  303.152                  301.521                  304.783                  4.16066                   154.95                  154.183                  155.718                  1.95818                 0.241664                0.0703442                 0.412984                  0.43704                        0                        0                        0                        0                        0                        0                        0                  0.43704
100              0                  4999.31                  4979.98                  5018.64                    49.31                  928.126                   923.37                  932.882                  12.1329                  362.198                  359.766                   364.63                  6.20433                 0.329667                 0.139567                 0.519766                 0.484949                     0.08               -0.0263469                 0.186347                 0.271293                     0.12              -0.00738492                 0.247385                 0.484949
200              0                    20100                  20021.6                  20178.4                  199.977                  1887.13                  1872.57                  1901.68                  37.1316                  826.488                  820.805                  832.171                  14.4965                  1.85319                  1.24667                  2.45971                  1.54725                   0.0832               -0.0307244                 0.197124                 0.290623                   0.2048                0.0417443                 0.367856                  1.54725
500              0                   125554                   125239                   125869                  804.004                  5597.49                  5567.89                  5627.08                  75.4948                  2305.06                   2292.1                  2318.02                  33.0683                  8.75413                  8.14118                  9.36708                  1.56364                 0.283328                 0.102312                 0.464344                 0.461775                 0.168192                0.0158126                 0.320571                  1.56364
1000              0                   504522                   502553                   506491                  5022.16                  11226.5                  10934.2                  11518.7                  745.438                   5136.2                  5100.06                  5172.35                  92.2096                  33.0302                  31.3124                  34.7479                   4.3821                 0.491333                 0.288324                 0.694342                  0.51788                 0.686728                  0.49743                 0.876025                   4.3821
10            0.1                  20217.9                    12307                  28128.8                  20180.9                  474.058                  298.014                  650.102                  449.092                  226.448                  145.909                  306.987                  205.457                  1.32121                 0.777912                   1.8645                  1.38595                0.0196533               -0.0372899                0.0765966                 0.145263                0.0274691               -0.0280659                0.0830041                  1.38595
20            0.1                  963.715                  646.503                  1280.93                  809.214                  82.9623                  75.3457                   90.579                  19.4302                  60.0579                  56.3336                  63.7822                  9.50075                0.0528483               -0.0417458                 0.147442                 0.241311              0.000786133               -0.0290964                0.0306687                0.0762309               0.00109876               -0.0284135                 0.030611                 0.241311
50            0.1                  531.549                  516.274                  546.823                  38.9662                  235.318                  233.973                  236.664                   3.4336                  201.402                   200.43                  202.375                  2.48015                0.0421139               -0.0438199                 0.128048                 0.219219              3.14453e-05               -0.0216148                0.0216776                0.0552199                 0.040044               -0.0397273                 0.119815                 0.219219
100            0.1                  1684.26                  1675.91                  1692.61                  21.2986                  623.413                   619.72                  627.105                  9.42003                  494.056                  490.896                  497.216                  8.06225                 0.161685                0.0133595                  0.31001                  0.37838                0.0400013               -0.0389931                 0.118996                 0.201516               0.00160176               -0.0337706                0.0369742                  0.37838
200            0.1                  2661.37                  2634.96                  2687.78                  67.3768                  1357.94                  1348.16                  1367.71                  24.9441                  1143.76                  1136.01                  1151.51                  19.7704                0.0864674               -0.0303309                 0.203266                 0.297955                   0.1216               -0.0105587                 0.253759                  0.33714                 0.240064                0.0709991                 0.409129                 0.297955
500            0.1                  9508.45                  9466.72                  9550.19                  106.467                  4335.32                  4314.02                  4356.61                  54.3266                  3562.75                  3544.81                  3580.69                  45.7591                 0.483459                  0.28299                 0.683928                   0.5114                 0.444864                 0.245017                 0.644711                 0.509813                 0.329603                 0.139596                 0.519609                   0.5114
1000            0.1                  20310.3                  20161.2                  20459.4                  380.344                  11563.4                  11495.4                  11631.4                  173.419                  8278.51                  8222.64                  8334.38                  142.516                  1.29934                  1.11446                  1.48422                 0.471625                  1.05779                 0.874303                  1.24129                 0.468091                 0.773184                 0.597018                  0.94935                 0.471625
10            0.2                  849.414                  530.944                  1167.88                  812.423                  486.537                  305.219                  667.854                  462.544                   352.14                   222.33                  481.951                  331.149                0.0919735              -0.00401945                 0.187967                  0.24488                0.0423118               -0.0138331                0.0984567                 0.143227                0.0309274               -0.0230102                0.0848649                  0.24488
20            0.2                  148.977                  135.472                  162.482                  34.4514                  82.4615                  74.6485                  90.2745                  19.9311                  71.0856                  65.3827                  76.7885                  14.5482               0.00367894               -0.0351444                0.0425023                0.0990391               0.00169247               -0.0279857                0.0313706                0.0757096                0.0412371                -0.040901                 0.123375                0.0990391
50            0.2                  422.959                  420.578                   425.34                  6.07359                  241.298                  239.959                  242.638                  3.41717                  207.843                  206.689                  208.997                  2.94398              0.000147158               -0.0245258                0.0248201                0.0629411              6.76989e-05               -0.0215044                0.0216398                0.0550308                0.0416495               -0.0431387                 0.126438                0.0629411
100            0.2                  1447.92                  1441.28                  1454.55                  16.9255                  634.652                  630.866                  638.438                  9.65902                  529.314                  526.052                  532.575                  8.32082                 0.120006               -0.0088886                   0.2489                 0.328812              2.70795e-06               -0.0183889                0.0183943                0.0469173                 0.081666               -0.0307599                 0.194092                 0.328812
200            0.2                  2633.92                  2611.21                  2656.62                  57.9226                  1451.39                  1441.43                  1461.34                  25.3937                  1275.17                  1266.87                  1283.48                  21.1804                   0.1648                0.0142112                 0.315389                 0.384156                     0.24                0.0717245                 0.408276                 0.429275               0.00326664                -0.038739                0.0452723                 0.384156
500            0.2                  8174.36                  8133.05                  8215.66                  105.368                  4509.06                  4486.29                  4531.82                  58.0642                  3742.01                  3722.01                     3762                  51.0152                 0.526592                 0.324794                  0.72839                 0.514791                   0.4496                 0.248315                 0.650885                 0.513481                0.0801307               -0.0292692                  0.18953                 0.514791
1000            0.2                    16497                  16368.8                  16625.2                  326.981                  10864.4                  10793.7                  10935.1                  180.369                  8566.68                     8508                  8625.36                  149.687                  1.02106                 0.820785                  1.22134                 0.510916                 0.777984                 0.601252                 0.954716                 0.450847                 0.603205                 0.406746                 0.799665                 0.510916
10            0.5                  685.879                  427.203                  944.555                  659.889                  460.574                  290.218                  630.931                  434.583                  365.667                  231.338                  499.996                  342.676                0.0408425               -0.0174387                0.0991238                 0.148677                0.0711194                -0.022799                 0.165038                 0.239588                0.0241282                -0.032174                0.0804305                 0.148677
20            0.5                  136.435                  125.494                  147.377                  27.9121                   84.423                  77.0185                  91.8274                  18.8889                  74.6267                  68.7122                  80.5412                   15.088                0.0016337                -0.028603                0.0318704                0.0771345               0.00284477               -0.0355464                 0.041236                0.0979367                0.0409651               -0.0413978                 0.123328                0.0771345
50            0.5                  299.457                  297.278                  301.636                  5.55876                  278.377                   277.01                  279.744                    3.487                  218.985                  217.776                  220.194                   3.0845              6.53481e-05               -0.0217088                0.0218395                0.0555462                0.0801138               -0.0290267                 0.189254                  0.27842               0.00163861               -0.0343039                0.0375811                0.0555462
100            0.5                  824.978                  820.279                  829.677                  11.9876                  623.135                  618.768                  627.502                  11.1413                  549.759                  546.323                  553.196                  8.76644                 0.120003              -0.00871544                 0.248721                 0.328362                0.0432046               -0.0440514                  0.13046                 0.222592              6.55442e-05               -0.0236743                0.0238054                 0.328362
200            0.5                     2179                  2166.06                  2191.94                  33.0064                  1646.93                  1637.15                   1656.7                  24.9343                  1290.99                  1282.37                  1299.61                  21.9983                   0.1648                0.0142203                  0.31538                 0.384132                 0.161728                0.0133332                 0.310123                 0.378559                0.0400026               -0.0391993                 0.119205                 0.384132
500            0.5                  7404.16                  7369.99                  7438.33                  87.1675                  4625.88                  4600.05                   4651.7                  65.8846                  3860.64                  3840.39                  3880.89                  51.6481                 0.286592                 0.103982                 0.469202                 0.465842                 0.326469                 0.137338                   0.5156                 0.482477                   0.3216                 0.135376                 0.507825                 0.465842
1000            0.5                  13261.2                  13145.1                  13377.3                  296.172                    11062                  10989.5                  11134.6                  185.042                  8844.43                  8783.89                  8904.96                  154.432                 0.491464                 0.288392                 0.694535                  0.51804                 0.693059                 0.502195                 0.883923                 0.486898                 0.572864                 0.370854                 0.774874                  0.51804
10              1                  563.447                  355.507                  771.386                  530.458                  462.481                  289.025                  635.937                   442.49                  375.777                  237.093                  514.461                  353.786                0.0196585               -0.0372936                0.0766107                 0.145286                0.0277224               -0.0280526                0.0834973                 0.142283                0.0229146               -0.0340785                0.0799076                 0.145286
20              1                  121.538                   112.52                  130.555                  23.0038                  82.4993                  75.0624                  89.9361                  18.9716                  76.0311                  69.9572                   82.105                  15.4947              0.000786342               -0.0290985                0.0306712                0.0762369               0.00110889               -0.0284671                0.0306849                 0.075449                0.0409166                -0.041512                 0.123345                0.0762369
50              1                  274.862                  272.919                  276.804                  4.95525                    290.3                  288.962                  291.638                  3.41301                  221.041                   219.81                  222.273                  3.14149              3.14537e-05               -0.0216156                0.0216785                0.0552221              4.43558e-05               -0.0214905                0.0215793                 0.054936                0.0416367               -0.0431784                 0.126452                0.0552221
100              1                  778.994                  774.681                  783.308                  11.0035                  601.612                  597.058                  606.166                  11.6179                  552.842                  549.373                   556.31                  8.84875                0.0400013               -0.0389932                 0.118996                 0.201516                0.0800018               -0.0279211                 0.187925                 0.275313               0.00166547               -0.0348082                0.0381391                 0.201516
200              1                  1921.16                  1908.94                  1933.38                  31.1668                  1776.06                  1766.63                   1785.5                  24.0741                  1287.11                  1278.44                  1295.79                  22.1217                   0.2816                 0.102107                 0.461093                  0.45789                0.0432001               -0.0439464                 0.130347                 0.222312                0.0400666               -0.0403859                 0.120519                  0.45789
500              1                  5931.85                  5901.72                  5961.97                  76.8545                  4965.04                  4937.19                  4992.89                  71.0494                  3895.48                   3875.3                  3915.67                  51.4931                 0.291264                 0.107382                 0.475146                 0.469087                 0.201728                0.0406282                 0.362828                 0.410969                 0.281603                 0.102046                 0.461159                 0.469087
1000              1                  12349.3                  12256.3                  12442.3                   237.28                  12420.6                  12342.7                  12498.5                  198.609                  8863.82                  8802.74                   8924.9                  155.826                 0.451651                 0.249742                 0.653559                 0.515072                 0.848069                 0.659703                  1.03643                 0.480525                 0.531264                 0.328312                 0.734216                 0.515072
